10,256
10,178
10,18
10,34
10,6
10,114
10,302
11,22
11,14
11,10
11,8
11,26
11,12
11,2
11,3
8,4
8,15
8,12
8,9
46,3
46,2
46,1
46,0
45,3
45,2
45,1
45,0
44,4
44,3
44,2
44,1
44,0
43,5
43,4
43,3
43,2
43,1
43,0
42,4
42,3
42,2
42,1
42,0
40,5
40,4
40,3
40,2
40,1
40,0
37,5
37,4
37,3
37,2
37,1
37,0
35,5
35,4
35,3
35,2
35,1
35,0
33,5
33,4
33,3
33,2
33,1
33,0
31,4
31,3
31,2
31,1
31,0
26,5
26,4
26,3
26,2
26,1
26,0
23,3
23,2
23,1
23,0
20,3
20,2
20,1
19,3
19,2
14,1
19,1
14,3
13,1
18,3
18,1
12,3
13,3
12,2
12,1
11,29
11,28
11,27
11,25
11,24
11,20
11,18
11,16
11,1
11,4
10,296
10,258
10,254
